10 4

0.0000    0.0000    0.0000    0.0000    0.0000    1.0000    0.0000    0.0000    0.0000    0.0000
0.0000    0.0024    0.0000    0.0000    0.0000    0.0000    0.0000    0.0055    0.0000    0.9921
0.0000    0.0000    0.4560    0.0000    0.0000    0.0000    0.5347    0.0001    0.0092    0.0000
0.0000    0.0000    0.0000    0.0000    0.0000    0.0003    0.0000    0.0000    0.9996    0.0000
0.0000    0.0000    0.0000    0.0000    0.0000    0.0000    0.0000    0.0000    0.0000    1.0000
0.0000    0.0000    0.0009    0.0000    0.0000    0.9991    0.0000    0.0000    0.0000    0.0000
0.0089    0.0000    0.0000    0.0000    0.0000    0.9911    0.0000    0.0000    0.0000    0.0000
0.0000    0.0000    0.0000    1.0000    0.0000    0.0000    0.0000    0.0000    0.0000    0.0000
1.0000    0.0000    0.0000    0.0000    0.0000    0.0000    0.0000    0.0000    0.0000    0.0000
0.0000    0.0000    0.0000    0.0000    0.0000    0.0000    0.0000    1.0000    0.0000    0.0000

0.4776    0.0000    0.0000    0.5224    0.0000    0.0000    0.0000    0.0000    0.0000    0.0000
0.0000    0.0000    0.0000    0.0000    0.7278    0.0000    0.0000    0.2722    0.0000    0.0000
0.0000    0.0000    0.0000    0.0000    0.0000    0.0000    0.0000    0.9999    0.0001    0.0000
0.0031    0.9160    0.0000    0.0000    0.0802    0.0000    0.0006    0.0000    0.0000    0.0000
0.0000    0.0000    0.0000    0.0000    0.0000    0.0000    0.0249    0.0000    0.0000    0.9751
0.0001    0.0000    0.0000    0.8624    0.0000    0.0000    0.0000    0.0000    0.1374    0.0000
0.0000    1.0000    0.0000    0.0000    0.0000    0.0000    0.0000    0.0000    0.0000    0.0000
0.9349    0.0000    0.0000    0.0367    0.0000    0.0284    0.0000    0.0000    0.0000    0.0000
0.0000    0.0000    0.0000    0.0000    1.0000    0.0000    0.0000    0.0000    0.0000    0.0000
0.0000    0.1959    0.0000    0.0000    0.0000    0.0000    0.0000    0.0000    0.8041    0.0000

0.0000    0.0000    0.0000    1.0000    0.0000    0.0000    0.0000    0.0000    0.0000    0.0000
0.0000    0.0000    0.0000    0.9828    0.0172    0.0000    0.0000    0.0000    0.0000    0.0000
0.6624    0.0000    0.0000    0.0000    0.0000    0.1634    0.0000    0.1742    0.0000    0.0000
0.5355    0.0000    0.0000    0.0000    0.0000    0.0000    0.0000    0.4645    0.0000    0.0000
0.0000    0.0000    0.0000    0.0000    0.4063    0.0000    0.5715    0.0000    0.0000    0.0222
0.0000    0.0000    0.0000    0.0000    0.0000    0.0000    1.0000    0.0000    0.0000    0.0000
0.0000    0.0000    0.0000    0.0000    0.0000    1.0000    0.0000    0.0000    0.0000    0.0000
0.0000    0.0000    0.0000    0.0000    0.0000    0.0000    0.0000    0.0000    1.0000    0.0000
0.0000    1.0000    0.0000    0.0000    0.0000    0.0000    0.0000    0.0000    0.0000    0.0000
0.0000    0.0000    0.0001    0.0000    0.0000    0.0000    0.9999    0.0000    0.0000    0.0000

0.0000    0.0000    0.0000    0.0000    0.9431    0.0000    0.0569    0.0000    0.0000    0.0000
0.0000    0.0000    0.0000    0.0000    0.0000    0.0000    0.0000    1.0000    0.0000    0.0000
0.0000    0.9826    0.0161    0.0002    0.0000    0.0000    0.0011    0.0000    0.0000    0.0000
0.0000    1.0000    0.0000    0.0000    0.0000    0.0000    0.0000    0.0000    0.0000    0.0000
0.0015    0.0000    0.0000    0.0000    0.9985    0.0000    0.0000    0.0000    0.0000    0.0000
0.0000    1.0000    0.0000    0.0000    0.0000    0.0000    0.0000    0.0000    0.0000    0.0000
0.0000    0.0000    0.0000    0.0000    0.0196    0.9804    0.0000    0.0000    0.0000    0.0000
0.0000    0.0000    0.0000    0.9222    0.0000    0.0000    0.0775    0.0000    0.0001    0.0002
0.0000    0.0000    0.0227    0.0000    0.0000    0.0000    0.0000    0.0000    0.9773    0.0000
0.9987    0.0000    0.0012    0.0000    0.0000    0.0000    0.0000    0.0000    0.0000    0.0000

0.0000    0.0000    0.4931    0.0000    0.0000    0.0000    1.0000    0.0000    0.0000    0.0000
